getgenv().StratCreditsAuthor = "Optional"
local TDS = loadstring(game:HttpGet("https://raw.githubusercontent.com/Sigmanic/Strategies-X/main/TDS/MainSource.lua", true))()
TDS:Map("Honey Valley", true, "Survival")
TDS:Loadout({"Warden", "Brawler", "Mercenary Base", "Engineer", "Farm"})
TDS:Mode("Fallen")
TDS:Place("Brawler", 1.5971441268920898, -6.367912769317627, 22.07671546936035, 0, 0, 14.2, false, -0, 0, 0)
TDS:Place("Farm", -12.219804763793945, -6.367912769317627, 23.73735809326172, 1, 0, 4.9, true, -0, 0, 0)
TDS:Upgrade(2, 2, 1, 0.2, false, 1)
TDS:Place("Brawler", 1.6486930847167969, -6.367912769317627, 19.77845001220703, 2, 0, 2.5, true, -0, 0, 0)
TDS:Upgrade(2, 3, 0, 3.3, true, 1)
TDS:Place("Brawler", 6.137002468109131, -6.367912769317627, 20.48234748840332, 4, 0, 48.9, false, -0, 0, 0)
TDS:Place("Brawler", 6.00645637512207, -6.367912769317627, 18.130834579467773, 4, 0, 2.5, true, -0, 0, 0)
TDS:Place("Brawler", -0.43599557876586914, -6.367912769317627, 21.66089630126953, 5, 0, 2.8, true, -0, 0, 0)
TDS:Place("Mercenary Base", 8.217103004455566, -6.367912769317627, -2.9688377380371094, 6, 0, 2.4, true, -0, 0, 0)
TDS:Place("Warden", 6.200353622436523, -6.367912769317627, 15.462777137756348, 8, 1, 0.4, false, -0, 0, 0)
TDS:Upgrade(8, 8, 0, 59.3, false, 1)
TDS:Place("Warden", 1.3725662231445312, -6.367912769317627, 17.314228057861328, 8, 0, 5.2, true, -0, 0, 0)
TDS:Upgrade(9, 8, 0, 3.4, true, 1)
TDS:Place("Warden", 0.9057521820068359, -6.367912769317627, 15.083741188049316, 9, 0, 57.2, false, -0, 0, 0)
TDS:Place("Warden", 5.153798580169678, -6.367912769317627, 13.657089233398438, 9, 0, 3.5, true, -0, 0, 0)
TDS:Upgrade(11, 9, 0, 2.4, true, 1)
TDS:Place("Warden", 4.7774152755737305, -6.367912769317627, 11.177708625793457, 10, 0, 5, true, -0, 0, 0)
TDS:Upgrade(12, 10, 0, 3.5, true, 1)
TDS:Upgrade(2, 11, 1, 0.7, false, 1)
TDS:Place("Farm", -15.547346115112305, -6.367912769317627, 22.10185432434082, 11, 0, 53, false, -0, 0, 0)
TDS:Upgrade(13, 11, 0, 52, false, 1)
TDS:Upgrade(13, 11, 0, 48.4, false, 1)
TDS:Upgrade(13, 11, 0, 3.2, true, 1)
TDS:Place("Farm", -12.31138801574707, -6.367912769317627, 19.69180679321289, 11, 0, 3.9, true, -0, 0, 0)
TDS:Upgrade(14, 11, 0, 2.9, true, 1)
TDS:Upgrade(14, 12, 1, 0.5, false, 1)
TDS:Upgrade(14, 12, 0, 56, false, 1)
TDS:Place("Farm", -16.449302673339844, -6.367912769317627, 18.150846481323242, 12, 0, 56.6, false, -0, 0, 0)
TDS:Upgrade(15, 12, 0, 50.3, false, 1)
TDS:Upgrade(15, 12, 0, 45.1, false, 1)
TDS:Upgrade(15, 12, 0, 4.9, true, 1)
TDS:Place("Farm", -20.651798248291016, -6.367912769317627, 14.997305870056152, 12, 0, 2.7, true, -0, 0, 0)
TDS:Upgrade(16, 12, 0, 1.4, true, 1)
TDS:Upgrade(16, 13, 1, 0.30000000000000004, false, 1)
TDS:Upgrade(16, 13, 1, 0.6, false, 1)
TDS:Upgrade(3, 13, 0, 58.9, false, 1)
TDS:Upgrade(5, 13, 0, 54.1, false, 1)
TDS:Upgrade(1, 13, 0, 52.7, false, 1)
TDS:Upgrade(4, 13, 0, 50.4, false, 1)
TDS:Place("Brawler", 7.853773593902588, -6.367912769317627, 18.999095916748047, 13, 0, 43.4, false, -0, 0, 0)
TDS:Upgrade(4, 13, 0, 3.8, true, 1)
TDS:Upgrade(5, 13, 0, 2.3, true, 1)
TDS:Upgrade(5, 14, 0, 56.6, false, 1)
TDS:Upgrade(6, 14, 0, 50.7, false, 1)
TDS:Upgrade(17, 14, 0, 48.1, false, 1)
TDS:Skip(14, 0, 40, false)
TDS:Skip(14, 0, 40, false)
TDS:Upgrade(1, 14, 0, 4.6, true, 1)
TDS:Upgrade(3, 14, 0, 3.4, true, 1)
TDS:Upgrade(6, 14, 0, 2.5, true, 1)
TDS:Upgrade(3, 15, 1666, 37.8, false, 1)
TDS:Upgrade(17, 15, 1666, 30.4, false, 1)
TDS:Upgrade(4, 15, 0, 2.2, true, 1)
TDS:Upgrade(1, 16, 0, 59.4, false, 1)
TDS:Upgrade(6, 16, 0, 52.4, false, 1)
TDS:Upgrade(17, 16, 0, 3.2, true, 1)
TDS:Place("Farm", -20.088451385498047, -6.367912769317627, 18.47846221923828, 17, 0, 58.1, false, -0, 0, 0)
TDS:Upgrade(18, 17, 0, 57.2, false, 1)
TDS:Upgrade(18, 17, 0, 57.4, false, 1)
TDS:Upgrade(18, 17, 0, 56.2, false, 1)
TDS:Place("Farm", -16.880868911743164, -6.367912769317627, 13.669214248657227, 17, 0, 56.7, false, -0, 0, 0)
TDS:Upgrade(19, 17, 0, 55.6, false, 1)
TDS:Upgrade(19, 17, 0, 55.8, false, 1)
TDS:Upgrade(19, 17, 0, 55.9, false, 1)
TDS:Place("Farm", -20.768808364868164, -6.367912769317627, 11.387066841125488, 17, 0, 53.2, false, -0, 0, 0)
TDS:Upgrade(20, 17, 0, 52, false, 1)
TDS:Upgrade(20, 17, 0, 50.3, false, 1)
TDS:Upgrade(20, 17, 0, 5.9, true, 1)
TDS:Upgrade(9, 17, 0, 5.2, true, 1)
TDS:Upgrade(10, 17, 0, 2.7, true, 1)
TDS:Upgrade(10, 18, 1, 15.7, false, 1)
TDS:Upgrade(8, 18, 1, 14.1, false, 1)
TDS:Upgrade(11, 18, 1, 14.7, false, 1)
TDS:Upgrade(12, 18, 1, 7, false, 1)
TDS:Place("Warden", -0.47662878036499023, -6.367912769317627, 18.92797088623047, 18, 1, 1.1, false, -0, 0, 0)
TDS:Upgrade(21, 18, 0, 4.5, true, 1)
TDS:Place("Warden", -1.1368770599365234, -6.367912769317627, 16.451770782470703, 18, 0, 2.1, true, -0, 0, 0)
TDS:Upgrade(22, 18, 0, 2.9, true, 1)
TDS:Place("Warden", 7.867335796356201, -6.367912769317627, 16.864734649658203, 19, 1, 15.8, false, -0, 0, 0)
TDS:Upgrade(23, 19, 1, 14.7, false, 1)
TDS:Place("Warden", 7.635834217071533, -6.367912769317627, 13.831605911254883, 19, 1, 11.2, false, -0, 0, 0)
TDS:Upgrade(24, 19, 1, 10.1, false, 1)
TDS:Place("Warden", 7.078052997589111, -6.367912769317627, 11.194967269897461, 19, 1, 9.8, false, -0, 0, 0)
TDS:Upgrade(25, 19, 1, 8.5, false, 1)
TDS:Upgrade(7, 19, 1, 5.8, false, 1)
TDS:Upgrade(7, 19, 1, 3.7, false, 1)
TDS:Option(7, "Unit 2", "Grenadier", 19, 0, 58.7, false)
TDS:Upgrade(7, 20, 1, 0.2, false, 1)
TDS:Skip(20, 0, 40, false)
TDS:Skip(20, 0, 40, false)
TDS:Upgrade(7, 21, 1, 0.7, false, 1)
TDS:Place("Mercenary Base", 15.1109037399292, -6.367912769317627, -3.966236114501953, 21, 0, 56.2, false, -0, 0, 0)
TDS:Upgrade(26, 21, 0, 55.2, false, 1)
TDS:Upgrade(26, 21, 0, 51.8, false, 1)
TDS:Option(26, "Unit 2", "Grenadier", 21, 0, 49.2, false)
TDS:Skip(21, 0, 40, false)
TDS:Skip(21, 0, 40, false)
TDS:Upgrade(26, 22, 1, 0.1, false, 1)
TDS:Skip(22, 0, 40, false)
TDS:Skip(22, 0, 40, false)
TDS:Upgrade(26, 22, 0, 2.1, true, 1)
TDS:Option(26, "Unit 3", "Grenadier", 22, 0, 1.7999999999999998, true)
TDS:Place("Mercenary Base", 14.326857566833496, -6.367912769317627, -13.16631031036377, 23, 1, 14.7, false, -0, 0, 0)
TDS:Upgrade(27, 23, 1, 13.5, false, 1)
TDS:Upgrade(27, 23, 1, 12.5, false, 1)
TDS:Option(27, "Unit 2", "Grenadier", 23, 1, 11.7, false)
TDS:Upgrade(27, 23, 0, 59.6, false, 1)
TDS:Skip(23, 0, 55, false)
TDS:Skip(23, 0, 55, false)
TDS:Upgrade(27, 24, 1666, 37.9, false, 1)
TDS:Option(27, "Unit 3", "Grenadier", 24, 1666, 35.7, false)
TDS:Upgrade(27, 25, 1, 10.8, false, 1)
TDS:Option(27, "Unit 2", "Field Medic", 25, 1, 5, false)
TDS:Ability(27, "Air-Drop", 25, 1, 3.2, false, {["pathName"] = 1, ["directionCFrame"] = CFrame.new(2.57058311, -6.16455364, -35.3551407, -0.990427911, 0, 0.138031512, 0, 1, -0, -0.138031527, 0, -0.990427792), ["dist"] = 204.09829387068748})
TDS:Skip(25, 0, 50, false)
TDS:Skip(25, 0, 50, false)
TDS:Skip(26, 0, 55.1, false)
TDS:Skip(26, 0, 55.1, false)
TDS:Upgrade(27, 26, 0, 5.1, true, 1)
TDS:Option(7, "Unit 3", "Grenadier", 27, 1666, 33, false)
TDS:Upgrade(7, 27, 1666, 29.1, false, 1)
TDS:Ability(7, "Air-Drop", 27, 1666, 27.5, false, {["pathName"] = 1, ["directionCFrame"] = CFrame.new(2.57633138, -6.16455317, -33.3600273, -0.834935009, 0, -0.55034858, 0, 1, -0, 0.55034858, -0, -0.834935009), ["dist"] = 202.48508450388908})
TDS:Ability(27, "Air-Drop", 28, 0, 50.3, false, {["pathName"] = 1, ["directionCFrame"] = CFrame.new(2.57247424, -6.16455317, -34.7647934, -0.810480893, 0, -0.585765064, 0, 1, -0, 0.585765064, -0, -0.810480893), ["dist"] = 204.09829387068748})
TDS:Upgrade(7, 28, 0, 42.6, false, 1)
TDS:Skip(28, 0, 40.5, false)
TDS:Skip(28, 0, 40.5, false)
TDS:Upgrade(26, 29, 1, 0.2, false, 1)
TDS:Ability(26, "Air-Drop", 29, 0, 57.8, false, {["pathName"] = 1, ["directionCFrame"] = CFrame.new(2.57216859, -6.16455317, -34.86026, -0.9304685, 0, 0.366372138, 0, 1.00000012, -0, -0.366372168, 0, -0.93046838), ["dist"] = 204.09829387068748})
TDS:Skip(29, 0, 40, false)
TDS:Skip(29, 0, 40, false)
TDS:Upgrade(26, 30, 1, 13.4, false, 1)
TDS:Ability(7, "Air-Drop", 30, 1, 5.9, false, {["pathName"] = 1, ["directionCFrame"] = CFrame.new(2.57650042, -6.16455317, -33.2942123, -0.975977004, 0, 0.217873722, 0, 1, -0, -0.217873722, 0, -0.975977004), ["dist"] = 202.48508450388908})
TDS:Place("Engineer", 3.072140693664551, -6.367912769317627, 5.587892532348633, 30, 1, 3.8, false, -0, 0, 0)
TDS:Upgrade(28, 30, 1, 1.2, false, 1)
TDS:Upgrade(28, 30, 1, 1.4, false, 1)
TDS:Upgrade(28, 30, 1, 1.5, false, 1)
TDS:Skip(30, 1, 0.2, false)
TDS:Upgrade(28, 30, 1, 1.6, false, 1)
TDS:Skip(30, 1, 0.2, false)
TDS:Upgrade(28, 30, 0, 1.2, true, 1)
TDS:Upgrade(28, 31, 1, 6.8, false, 1)
TDS:Ability(27, "Air-Drop", 31, 1, 6.1, false, {["pathName"] = 1, ["directionCFrame"] = CFrame.new(2.57727194, -6.16455317, -32.4900703, -0.996803403, 0, -0.0798948631, 0, 1.00000012, -0, 0.0798948705, -0, -0.996803284), ["dist"] = 200.97517654299736})
TDS:Skip(31, 1, 0.1, false)
TDS:Skip(31, 1, 0.1, false)
TDS:Place("Engineer", 1.744462490081787, -6.367912769317627, 2.7176265716552734, 32, 1, 19.5, false, -0, 0, 0)
TDS:Upgrade(29, 32, 1, 18.6, false, 1)
TDS:Upgrade(29, 32, 1, 16.5, false, 1)
TDS:Upgrade(29, 32, 1, 16.7, false, 1)
TDS:Upgrade(29, 32, 1, 16.8, false, 1)
TDS:Upgrade(29, 32, 1, 15.1, false, 1)
TDS:Ability(26, "Air-Drop", 32, 1, 12.8, false, {["pathName"] = 1, ["directionCFrame"] = CFrame.new(2.57741618, -6.16455317, -32.6461868, -0.996991396, 0, -0.0775126517, 0, 1.00000012, -0, 0.0775126517, -0, -0.996991396), ["dist"] = 200.97517654299736})
TDS:Skip(32, 1, 0.30000000000000004, false)
TDS:Skip(32, 1, 0.30000000000000004, false)
TDS:Upgrade(29, 32, 0, 5.3, true, 1)
TDS:Place("Engineer", 5.477380275726318, -6.367912769317627, 3.780323028564453, 32, 0, 3.3, true, -0, 0, 0)
TDS:Upgrade(30, 32, 0, 2.6, true, 1)
TDS:Upgrade(30, 32, 0, 2.8, true, 1)
TDS:Upgrade(30, 32, 0, 2.9, true, 1)
TDS:Upgrade(30, 32, 0, 3.0999999999999996, true, 1)
TDS:Upgrade(30, 32, 0, 1.2, true, 1)
TDS:Option(7, "Unit 1", "Riot Guard", 33, 1666, 22.7, false)
TDS:Option(7, "Unit 2", "Riot Guard", 33, 1666, 21.7, false)
TDS:Option(7, "Unit 3", "Riot Guard", 33, 1666, 20.4, false)
TDS:Option(26, "Unit 1", "Riot Guard", 33, 1666, 18.2, false)
TDS:Option(26, "Unit 3", "Riot Guard", 33, 1666, 17.4, false)
TDS:Option(26, "Unit 2", "Riot Guard", 33, 1666, 16.7, false)
TDS:Option(27, "Unit 1", "Riot Guard", 33, 1666, 12.2, false)
TDS:Option(27, "Unit 2", "Riot Guard", 33, 1666, 12.7, false)
TDS:Option(27, "Unit 3", "Riot Guard", 33, 1666, 9.3, false)
TDS:Ability(7, "Air-Drop", 33, 1666, 7.1, false, {["pathName"] = 1, ["directionCFrame"] = CFrame.new(11.9942312, -6.16455364, -9.94387531, -0.928701937, 0, 0.370827049, 0, 1, -0, -0.370827049, 0, -0.928701937), ["dist"] = 136.9449126124382})
TDS:Option(27, "Unit 1", "Rifleman", 33, 1665, 59.1, false)
TDS:Option(27, "Unit 2", "Field Medic", 33, 1665, 58.2, false)
TDS:Option(27, "Unit 3", "Grenadier", 33, 1665, 58.6, false)
TDS:Option(7, "Unit 1", "Rifleman", 33, 0, 4.7, true)
TDS:Option(7, "Unit 2", "Field Medic", 33, 0, 3.1, true)
TDS:Option(7, "Unit 3", "Grenadier", 33, 0, 3.7, true)
TDS:Option(26, "Unit 1", "Rifleman", 33, 0, 1.5, true)
TDS:Option(26, "Unit 2", "Grenadier", 34, 1, 20.5, false)
TDS:Option(26, "Unit 3", "Grenadier", 34, 1, 21.2, false)
TDS:Option(7, "Unit 2", "Grenadier", 34, 1, 18.4, false)
TDS:Option(7, "Unit 3", "Rifleman", 34, 1, 17.6, false)
TDS:Upgrade(30, 34, 1, 13.4, false, 1)
TDS:Place("Engineer", 4.362473487854004, -6.367912769317627, 0.6568794250488281, 34, 1, 12.8, false, -0, 0, 0)
TDS:Upgrade(31, 34, 1, 10.4, false, 1)
TDS:Upgrade(31, 34, 1, 10.5, false, 1)
TDS:Upgrade(31, 34, 1, 8.2, false, 1)
TDS:Upgrade(31, 34, 1, 8.4, false, 1)
TDS:Upgrade(31, 34, 1, 8.5, false, 1)
TDS:Upgrade(31, 34, 1, 8.7, false, 1)
TDS:Ability(27, "Air-Drop", 34, 1, 5.6, false, {["pathName"] = 1, ["directionCFrame"] = CFrame.new(2.57719064, -6.16455317, -32.4022598, -0.937055647, 0, -0.349180043, 0, 1, -0, 0.349180043, -0, -0.937055647), ["dist"] = 200.97517654299736})
TDS:Skip(34, 1, 0, false)
TDS:Skip(34, 1, 0, false)
TDS:Ability(26, "Air-Drop", 34, 1, 0.1, false, {["pathName"] = 1, ["directionCFrame"] = CFrame.new(2.57554054, -6.16455317, -33.6681252, 0.0193268042, 0, -0.999813259, -0, 1.00000012, -0, 0.999813259, 0, 0.0193268042), ["dist"] = 202.48508450388908})
TDS:Option(26, "Unit 1", "Riot Guard", 34, 0, 1.2, true)
TDS:Option(26, "Unit 2", "Riot Guard", 34, 0, 1.7999999999999998, true)
TDS:Option(26, "Unit 3", "Riot Guard", 35, 1666, 39.7, false)
TDS:Option(7, "Unit 1", "Riot Guard", 35, 1666, 38.9, false)
TDS:Option(7, "Unit 2", "Riot Guard", 35, 1666, 37.5, false)
TDS:Option(7, "Unit 3", "Riot Guard", 35, 1666, 36.3, false)
TDS:Option(27, "Unit 1", "Riot Guard", 35, 1666, 35.7, false)
TDS:Option(27, "Unit 3", "Riot Guard", 35, 1666, 33, false)
TDS:Option(27, "Unit 2", "Riot Guard", 35, 1666, 29.7, false)
TDS:Place("Engineer", 0.47771263122558594, -6.367912769317627, -0.47617530822753906, 35, 1666, 22.5, false, -0, 0, 0)
TDS:Upgrade(32, 35, 1666, 22.1, false, 1)
TDS:Upgrade(32, 35, 1666, 20.2, false, 1)
TDS:Upgrade(32, 35, 1666, 20.5, false, 1)
TDS:Upgrade(32, 35, 1666, 20.5, false, 1)
TDS:Upgrade(32, 35, 1666, 20.6, false, 1)
TDS:Upgrade(32, 35, 1666, 18.7, false, 1)
TDS:Place("Engineer", 7.839599132537842, -6.367912769317627, 1.8356170654296875, 35, 1666, 15.6, false, -0, 0, 0)
TDS:Upgrade(33, 35, 1666, 14.7, false, 1)
TDS:Upgrade(33, 35, 1666, 14.8, false, 1)
TDS:Upgrade(33, 35, 1666, 13.2, false, 1)
TDS:Upgrade(33, 35, 1666, 13.3, false, 1)
TDS:Upgrade(33, 35, 1666, 13.4, false, 1)
TDS:Ability(7, "Air-Drop", 35, 1666, 2.8, false, {["pathName"] = 1, ["directionCFrame"] = CFrame.new(7.39134932, -6.16455364, 5.52279997, -0.0271043666, 0, 0.999632537, 0, 0.99999994, -0, -0.999632657, 0, -0.0271043628), ["dist"] = 77.46375972032547})
TDS:Option(27, "Unit 1", "Rifleman", 35, 1665, 59.7, false)
TDS:Option(27, "Unit 2", "Grenadier", 35, 1665, 58.7, false)
TDS:Option(27, "Unit 3", "Grenadier", 35, 1665, 57.5, false)
TDS:Option(26, "Unit 1", "Rifleman", 35, 0, 5.5, true)
TDS:Option(26, "Unit 2", "Grenadier", 35, 0, 3.6, true)
TDS:Option(26, "Unit 3", "Grenadier", 35, 0, 3.9, true)
TDS:Option(7, "Unit 1", "Rifleman", 35, 0, 1.5, true)
TDS:Option(7, "Unit 2", "Field Medic", 36, 1, 20.1, false)
TDS:Option(7, "Unit 3", "Grenadier", 36, 1, 20.7, false)
TDS:Upgrade(33, 36, 1, 10.6, false, 1)
TDS:Upgrade(6, 36, 1, 2.8, false, 1)
TDS:Upgrade(6, 36, 1, 1.2, false, 1)
TDS:Skip(36, 1, 0.2, false)
TDS:Skip(36, 1, 0.2, false)
TDS:Upgrade(3, 36, 1, 0.6, false, 1)
TDS:Upgrade(3, 36, 0, 5.2, true, 1)
TDS:Upgrade(1, 36, 0, 5.2, true, 1)
TDS:Upgrade(1, 36, 0, 3, true, 1)
TDS:Upgrade(5, 36, 0, 2.6, true, 1)
TDS:Upgrade(5, 36, 0, 2.7, true, 1)
TDS:Upgrade(4, 37, 1, 19.6, false, 1)
TDS:Upgrade(4, 37, 1, 19.8, false, 1)
TDS:Upgrade(17, 37, 1, 17.2, false, 1)
TDS:Upgrade(17, 37, 1, 17.4, false, 1)
TDS:Ability(27, "Air-Drop", 37, 1, 14.7, false, {["pathName"] = 1, ["directionCFrame"] = CFrame.new(2.57649136, -6.16455317, -33.2977829, -0.994145334, 0, -0.108051986, 0, 1, -0, 0.108052, -0, -0.994145215), ["dist"] = 202.48508450388908})
TDS:Ability(26, "Air-Drop", 37, 1, 13.1, false, {["pathName"] = 1, ["directionCFrame"] = CFrame.new(2.57718778, -6.16455317, -32.399292, -0.993379712, 0, -0.114877954, 0, 1.00000012, -0, 0.114877969, -0, -0.993379593), ["dist"] = 200.97517654299736})
TDS:Upgrade(9, 37, 1, 8.2, false, 1)
TDS:Upgrade(9, 37, 1, 8.5, false, 1)
TDS:Upgrade(10, 37, 1, 7.4, false, 1)
TDS:Upgrade(22, 37, 1, 4.4, false, 1)
TDS:Upgrade(22, 37, 1, 4.5, false, 1)
TDS:Upgrade(22, 37, 1, 4.7, false, 1)
TDS:Skip(37, 1, 0.1, false)
TDS:Upgrade(10, 37, 1, 1.9, false, 1)
TDS:Skip(37, 1, 0.1, false)
TDS:Upgrade(21, 37, 0, 5, true, 1)
TDS:Upgrade(21, 38, 1, 30.1, false, 1)
TDS:Upgrade(21, 38, 1, 30.4, false, 1)
TDS:Upgrade(12, 38, 1, 28.5, false, 1)
TDS:Upgrade(12, 38, 1, 28.7, false, 1)
TDS:Upgrade(11, 38, 1, 23.3, false, 1)
TDS:Upgrade(11, 38, 1, 21.1, false, 1)
TDS:Upgrade(8, 38, 1, 19.3, false, 1)
TDS:Upgrade(8, 38, 1, 19.5, false, 1)
TDS:Upgrade(25, 38, 1, 17.8, false, 1)
TDS:Upgrade(25, 38, 1, 17.9, false, 1)
TDS:Upgrade(25, 38, 1, 14.2, false, 1)
TDS:Upgrade(24, 38, 1, 12.3, false, 1)
TDS:Upgrade(24, 38, 1, 12.5, false, 1)
TDS:Skip(38, 1, 10.1, false)
TDS:Skip(38, 1, 10.1, false)
TDS:Upgrade(24, 38, 0, 4.2, true, 1)
TDS:Upgrade(23, 38, 0, 3.6, true, 1)
TDS:Upgrade(23, 38, 0, 3.8, true, 1)
TDS:Upgrade(23, 38, 0, 3.9, true, 1)
TDS:Ability(7, "Air-Drop", 39, 1, 57.4, false, {["pathName"] = 1, ["directionCFrame"] = CFrame.new(2.57461619, -6.16455317, -34.028244, -0.592092335, 0, -0.805870116, 0, 1, -0, 0.805870235, -0, -0.592092276), ["dist"] = 202.48508450388908})
TDS:Skip(39, 1, 40, false)
TDS:Skip(39, 1, 40, false)
TDS:Option(27, "Unit 1", "Riot Guard", 40, 1666, 37.9, false)
TDS:Option(27, "Unit 2", "Riot Guard", 40, 1666, 36.7, false)
TDS:Option(27, "Unit 3", "Riot Guard", 40, 1666, 35.2, false)
TDS:Option(26, "Unit 1", "Riot Guard", 40, 1666, 33.2, false)
TDS:Option(26, "Unit 2", "Riot Guard", 40, 1666, 33.7, false)
TDS:Option(26, "Unit 3", "Riot Guard", 40, 1666, 32.8, false)
TDS:Option(7, "Unit 1", "Riot Guard", 40, 1666, 30.6, false)
TDS:Option(7, "Unit 2", "Riot Guard", 40, 1666, 29.2, false)
TDS:Option(7, "Unit 3", "Field Medic", 40, 1666, 28.2, false)
TDS:Ability(27, "Air-Drop", 40, 1666, 26.7, false, {["pathName"] = 1, ["directionCFrame"] = CFrame.new(2.57587552, -6.16455317, -33.5376091, -0.589011252, 0, -0.80812484, 0, 1.00000012, -0, 0.808124959, -0, -0.589011192), ["dist"] = 202.48508450388908})
TDS:Ability(26, "Air-Drop", 40, 1666, 25.5, false, {["pathName"] = 1, ["directionCFrame"] = CFrame.new(2.57682085, -6.16455317, -33.1693535, -0.566415608, 0, -0.824119806, 0, 1, -0, 0.824119687, -0, -0.566415668), ["dist"] = 202.48508450388908})
TDS:Ability(7, "Air-Drop", 40, 1665, 43.5, false, {["pathName"] = 1, ["directionCFrame"] = CFrame.new(2.55736184, -6.16455317, -29.6957684, -0.999671042, 0, 0.0256494768, 0, 1.00000012, -0, -0.0256494768, 0, -0.999671042), ["dist"] = 198.3048344552517})
TDS:Ability(26, "Air-Drop", 40, 1665, 8, false, {["pathName"] = 1, ["directionCFrame"] = CFrame.new(12.069273, -6.16455364, 2.26592875, 0.565414667, 0, 0.824806809, 0, 1, -0, -0.824806809, 0, 0.565414667), ["dist"] = 82.22506189346313})
TDS:Ability(27, "Air-Drop", 40, 1665, 7, false, {["pathName"] = 1, ["directionCFrame"] = CFrame.new(6.75576019, -6.16455364, 5.99356174, 0.835896432, 0, 0.548887193, 0, 1.00000012, -0, -0.548887134, 0, 0.835896552), ["dist"] = 75.32879430055618})
