local TDS = loadstring(game:HttpGet("https://raw.githubusercontent.com/Sigmanic/Strategies-X/main/TDS/MainSource.lua", true))()
TDS:Map("Honey Valley", true, "Survival")
TDS:Loadout({"Warden", "Brawler", "Mercenary Base", "Engineer", "Farm"})
TDS:Mode("Fallen")
TDS:Place("Brawler", 1.4093255996704102, -6.367912769317627, 22.2281494140625, 0, 0, 13.4, false, -0, 0, 0)
TDS:Place("Farm", -7.049801826477051, -6.367912769317627, 23.404033660888672, 1, 0, 5.800000000000001, true, -0, 0, 0)
TDS:Upgrade(2, 2, 1, 0.2, false, 1)
TDS:Place("Brawler", 6.37911319732666, -6.367912769317627, 20.294530868530273, 2, 0, 2.6, true, -0, 0, 0)
TDS:Upgrade(2, 3, 0, 3, true, 1)
TDS:Place("Brawler", 0.9511041641235352, -6.367912769317627, 19.956575393676758, 4, 0, 3.7, true, -0, 0, 0)
TDS:Place("Brawler", 6.175796031951904, -6.367912769317627, 18.178974151611328, 5, 1, 0.6, false, -0, 0, 0)
TDS:Place("Brawler", 0.9746603965759277, -6.367912769317627, 17.779338836669922, 5, 0, 4.9, true, -0, 0, 0)
TDS:Place("Mercenary Base", 8.905336380004883, -6.367912769317627, -3.7153377532958984, 6, 0, 3.9, true, -0, 0, 0)
TDS:Place("Warden", 6.091868877410889, -6.367912769317627, 15.812420845031738, 7, 0, 2.2, true, -0, 0, 0)
TDS:Upgrade(8, 8, 1, 0.7, false, 1)
TDS:Place("Warden", 5.5796709060668945, -6.367912769317627, 13.737982749938965, 8, 0, 4.6, true, -0, 0, 0)
TDS:Upgrade(9, 8, 0, 3.4, true, 1)
TDS:Place("Warden", 4.795698165893555, -6.367912769317627, 11.708654403686523, 9, 0, 56.3, false, -0, 0, 0)
TDS:Upgrade(10, 9, 0, 3, true, 1)
TDS:Place("Warden", 0.16736459732055664, -6.367912769317627, 14.415616989135742, 9, 0, 2.7, true, -0, 0, 0)
TDS:Upgrade(11, 10, 1, 0.4, false, 1)
TDS:Place("Warden", -0.7006525993347168, -6.367912769317627, 16.540285110473633, 10, 0, 3.6, true, -0, 0, 0)
TDS:Upgrade(12, 11, 1, 0.1, false, 1)
TDS:Place("Farm", -11.223434448242188, -6.367912769317627, 23.234386444091797, 11, 0, 57.7, false, -0, 0, 0)
TDS:Upgrade(13, 11, 0, 54, false, 1)
TDS:Upgrade(13, 11, 0, 54.2, false, 1)
TDS:Upgrade(2, 11, 0, 4.6, true, 1)
TDS:Upgrade(13, 11, 0, 3.4, true, 1)
TDS:Place("Farm", -7.02073860168457, -6.367912769317627, 19.45563507080078, 11, 0, 2.1, true, -0, 0, 0)
TDS:Upgrade(14, 12, 1, 0.2, false, 1)
TDS:Upgrade(14, 12, 1, 0.6, false, 1)
TDS:Upgrade(14, 12, 0, 50, false, 1)
TDS:Place("Farm", -11.006004333496094, -6.367912769317627, 18.99296760559082, 12, 0, 49.3, false, -0, 0, 0)
TDS:Upgrade(15, 12, 0, 45.9, false, 1)
TDS:Upgrade(15, 12, 0, 4.7, true, 1)
TDS:Upgrade(15, 12, 0, 3.7, true, 1)
TDS:Place("Farm", -15.584583282470703, -6.367912769317627, 19.07978057861328, 13, 1, 0.1, false, -0, 0, 0)
TDS:Upgrade(16, 13, 0, 59.5, false, 1)
TDS:Upgrade(16, 13, 0, 59.7, false, 1)
TDS:Upgrade(16, 13, 0, 58.2, false, 1)
TDS:Upgrade(6, 13, 0, 54.9, false, 1)
TDS:Upgrade(5, 13, 0, 53.2, false, 1)
TDS:Upgrade(1, 13, 0, 48.9, false, 1)
TDS:Upgrade(3, 13, 0, 45.4, false, 1)
TDS:Place("Brawler", 8.229141235351562, -6.367912769317627, 18.883533477783203, 14, 0, 59, false, -0, 0, 0)
TDS:Upgrade(17, 14, 0, 59.9, false, 1)
TDS:Upgrade(3, 14, 0, 57.4, false, 1)
TDS:Upgrade(3, 14, 0, 57.9, false, 1)
TDS:Upgrade(4, 14, 0, 52.8, false, 1)
TDS:Upgrade(5, 14, 0, 42.1, false, 1)
TDS:Skip(14, 0, 40, false)
TDS:Skip(14, 0, 40, false)
TDS:Upgrade(5, 15, 1666, 39.3, false, 1)
TDS:Upgrade(4, 15, 1666, 35.9, false, 1)
TDS:Upgrade(4, 15, 1666, 27.4, false, 1)
TDS:Upgrade(1, 15, 1666, 18.3, false, 1)
TDS:Upgrade(1, 15, 0, 3.5, true, 1)
TDS:Upgrade(17, 16, 1, 0.9999999999999999, false, 1)
TDS:Upgrade(17, 16, 0, 57.4, false, 1)
TDS:Place("Farm", -14.963386535644531, -6.367912769317627, 23.415088653564453, 16, 0, 55.9, false, -0, 0, 0)
TDS:Upgrade(18, 16, 0, 51.5, false, 1)
TDS:Upgrade(18, 16, 0, 43.3, false, 1)
TDS:Upgrade(18, 16, 0, 3, true, 1)
TDS:Place("Farm", -19.349735260009766, -6.367912769317627, 18.24132537841797, 16, 0, 3.5, true, -0, 0, 0)
TDS:Upgrade(19, 16, 0, 2.5, true, 1)
TDS:Upgrade(19, 16, 0, 2.6, true, 1)
TDS:Place("Farm", -16.443988800048828, -6.367912769317627, 14.09345817565918, 16, 0, 1.1, true, -0, 0, 0)
TDS:Upgrade(19, 17, 1, 0.7999999999999999, false, 1)
TDS:Upgrade(20, 17, 0, 59, false, 1)
TDS:Upgrade(20, 17, 0, 59.5, false, 1)
TDS:Upgrade(20, 17, 0, 59.7, false, 1)
TDS:Upgrade(8, 17, 0, 50.7, false, 1)
TDS:Upgrade(9, 17, 0, 49.2, false, 1)
TDS:Upgrade(11, 17, 0, 5.2, true, 1)
TDS:Upgrade(12, 17, 0, 3.8, true, 1)
TDS:Place("Warden", 8.12393569946289, -6.367912769317627, 15.630056381225586, 18, 1, 16.7, false, -0, 0, 0)
TDS:Upgrade(21, 18, 1, 13.4, false, 1)
TDS:Place("Warden", 7.577811241149902, -6.367912769317627, 13.603137016296387, 18, 1, 11.5, false, -0, 0, 0)
TDS:Upgrade(22, 18, 1, 9, false, 1)
TDS:Place("Warden", 7.015318870544434, -6.367912769317627, 11.567428588867188, 18, 1, 8, false, -0, 0, 0)
TDS:Upgrade(23, 18, 1, 7.1, false, 1)
TDS:Place("Warden", 6.4528374671936035, -6.367912769317627, 9.562715530395508, 18, 1, 2.6, false, -0, 0, 0)
TDS:Upgrade(24, 18, 1, 1.5, false, 1)
TDS:Place("Warden", -0.8614892959594727, -6.367912769317627, 18.965866088867188, 18, 0, 3.3, true, -0, 0, 0)
TDS:Upgrade(25, 18, 0, 2.4, true, 1)
TDS:Upgrade(7, 19, 1, 13.6, false, 1)
TDS:Upgrade(7, 19, 1, 13.7, false, 1)
TDS:Option(7, "Unit 2", "Grenadier", 19, 1, 11, false)
TDS:Upgrade(7, 19, 0, 56, false, 1)
TDS:Skip(19, 0, 55, false)
TDS:Skip(19, 0, 55, false)
TDS:Upgrade(6, 20, 0, 54.5, false, 1)
TDS:Upgrade(6, 20, 0, 54.8, false, 1)
TDS:Skip(20, 0, 40, false)
TDS:Skip(20, 0, 40, false)
TDS:Upgrade(7, 20, 0, 5.1, true, 1)
TDS:Option(7, "Unit 3", "Grenadier", 20, 0, 2.1, true)
TDS:Place("Mercenary Base", 8.935986518859863, -6.367912769317627, -13.194272994995117, 21, 0, 55.9, false, -0, 0, 0)
TDS:Upgrade(26, 21, 0, 54.8, false, 1)
TDS:Upgrade(26, 21, 0, 54.9, false, 1)
TDS:Option(26, "Unit 2", "Grenadier", 21, 0, 52.5, false)
TDS:Skip(21, 0, 40, false)
TDS:Skip(21, 0, 40, false)
TDS:Upgrade(26, 22, 1, 0.7999999999999999, false, 1)
TDS:Skip(22, 0, 40.1, false)
TDS:Skip(22, 0, 40.1, false)
TDS:Upgrade(26, 22, 0, 5.3, true, 1)
TDS:Option(26, "Unit 3", "Grenadier", 22, 0, 2.1, true)
TDS:Place("Mercenary Base", 14.519725799560547, -6.367912769317627, -13.208287239074707, 23, 1, 14.2, false, -0, 0, 0)
TDS:Upgrade(27, 23, 1, 13.4, false, 1)
TDS:Upgrade(27, 23, 1, 13.6, false, 1)
TDS:Option(27, "Unit 2", "Grenadier", 23, 1, 11, false)
TDS:Upgrade(27, 23, 1, 3.2, false, 1)
TDS:Skip(23, 0, 55, false)
TDS:Skip(23, 0, 55, false)
TDS:Upgrade(27, 24, 0, 0, true, 1)
TDS:Option(27, "Unit 3", "Grenadier", 24, 1666, 37.4, false)
TDS:Upgrade(26, 24, 0, 3.4, true, 1)
TDS:Ability(26, "Air-Drop", 25, 1, 8.9, false, {["pathName"] = 1, ["directionCFrame"] = CFrame.new(2.57058263, -6.16455364, -35.3552856, -0.997478008, 0, 0.0709765479, 0, 1.00000012, -0, -0.0709765479, 0, -0.997478008), ["dist"] = 204.09829387068748})
TDS:Option(26, "Unit 1", "Field Medic", 25, 0, 56.5, false)
TDS:Option(26, "Unit 2", "Field Medic", 25, 0, 55.1, false)
TDS:Option(26, "Unit 3", "Field Medic", 25, 0, 53.7, false)
TDS:Option(26, "Unit 1", "Rifleman", 26, 1, 14.8, false)
TDS:Option(26, "Unit 2", "Grenadier", 26, 1, 13.6, false)
TDS:Option(26, "Unit 3", "Grenadier", 26, 1, 14, false)
TDS:Upgrade(26, 26, 0, 57.4, false, 1)
TDS:Skip(26, 0, 55, false)
TDS:Skip(26, 0, 55, false)
TDS:Option(26, "Unit 2", "Field Medic", 27, 1666, 33.8, false)
TDS:Option(26, "Unit 1", "Field Medic", 27, 1666, 32.2, false)
TDS:Upgrade(27, 27, 1666, 30.9, false, 1)
TDS:Ability(27, "Air-Drop", 27, 1666, 27.7, false, {["pathName"] = 1, ["directionCFrame"] = CFrame.new(2.57464123, -6.16455317, -34.0184746, -0.978212476, 0, -0.207606375, 0, 1, -0, 0.207606375, -0, -0.978212476), ["dist"] = 202.48508450388908})
TDS:Ability(26, "Air-Drop", 27, 0, 1.3, true, {["pathName"] = 1, ["directionCFrame"] = CFrame.new(2.57687354, -6.16455364, -32.0593796, -0.973306, 0, 0.22951138, 0, 1, -0, -0.22951138, 0, -0.973306), ["dist"] = 200.97517654299736})
TDS:Upgrade(27, 28, 0, 43.3, false, 1)
TDS:Skip(28, 0, 40, false)
TDS:Skip(28, 0, 40, false)
TDS:Upgrade(7, 29, 1, 0.4, false, 1)
TDS:Ability(7, "Air-Drop", 29, 0, 58.7, false, {["pathName"] = 1, ["directionCFrame"] = CFrame.new(2.57681394, -6.16455364, -31.9949379, -0.99980402, 0, 0.019797707, 0, 1, -0, -0.019797707, 0, -0.99980402), ["dist"] = 200.97517654299736})
TDS:Option(26, "Unit 2", "Rifleman", 29, 0, 48.9, false)
TDS:Skip(29, 0, 40.1, false)
TDS:Skip(29, 0, 40.1, false)
TDS:Ability(27, "Air-Drop", 30, 1, 12.2, false, {["pathName"] = 1, ["directionCFrame"] = CFrame.new(2.57670045, -6.16455364, -31.8723183, -0.792254686, 0, -0.61019063, 0, 1.00000012, -0, 0.61019063, -0, -0.792254686), ["dist"] = 200.97517654299736})
TDS:Upgrade(7, 30, 1, 9.3, false, 1)
TDS:Place("Engineer", 2.7645740509033203, -6.367912769317627, 6.377962112426758, 30, 1, 2.3, false, -0, 0, 0)
TDS:Skip(30, 1, 0, false)
TDS:Upgrade(28, 30, 1, 1.4, false, 1)
TDS:Upgrade(28, 30, 1, 0, false, 1)
TDS:Skip(30, 1, 0, false)
TDS:Upgrade(28, 30, 1, 0.2, false, 1)
TDS:Upgrade(28, 30, 1, 0.6, false, 1)
TDS:Upgrade(28, 30, 0, 5.8, true, 1)
TDS:Ability(26, "Air-Drop", 31, 1, 19.9, false, {["pathName"] = 1, ["directionCFrame"] = CFrame.new(11.6357079, -6.16455317, -14.111474, -0.875675976, 0, 0.482899278, 0, 1.00000012, -0, -0.482899338, 0, -0.875675857), ["dist"] = 140.80142372846603})
TDS:Upgrade(28, 31, 1, 2.8, false, 1)
TDS:Skip(31, 1, 0.1, false)
TDS:Skip(31, 1, 0.1, false)
TDS:Option(26, "Unit 2", "Field Medic", 31, 0, 3.2, true)
TDS:Option(26, "Unit 2", "Grenadier", 32, 1, 13.2, false)
TDS:Option(26, "Unit 1", "Riot Guard", 32, 1, 12.6, false)
TDS:Option(26, "Unit 2", "Riot Guard", 32, 1, 11, false)
TDS:Option(26, "Unit 3", "Riot Guard", 32, 1, 11.7, false)
TDS:Option(7, "Unit 1", "Riot Guard", 32, 1, 9.4, false)
TDS:Option(7, "Unit 2", "Riot Guard", 32, 1, 9.9, false)
TDS:Option(27, "Unit 1", "Riot Guard", 32, 1, 5.7, false)
TDS:Option(27, "Unit 2", "Riot Guard", 32, 1, 4.6, false)
TDS:Skip(32, 1, 0, false)
TDS:Ability(7, "Air-Drop", 32, 1, 1.7999999999999998, false, {["pathName"] = 1, ["directionCFrame"] = CFrame.new(2.57651711, -6.16455364, -31.6740665, -0.919054925, 0, 0.394129664, 0, 1, -0, -0.394129723, 0, -0.919054806), ["dist"] = 200.97517654299736})
TDS:Skip(32, 1, 0, false)
TDS:Place("Engineer", 4.738269329071045, -6.367912769317627, 3.761781692504883, 32, 0, 3.7, true, -0, 0, 0)
TDS:Upgrade(29, 32, 0, 1.1, true, 1)
TDS:Upgrade(29, 32, 0, 1.3, true, 1)
TDS:Upgrade(29, 32, 0, 1.4, true, 1)
TDS:Upgrade(29, 32, 0, 1.5, true, 1)
TDS:Upgrade(29, 32, 0, 1.7, true, 1)
TDS:Upgrade(29, 32, 0, 1.7999999999999998, true, 1)
TDS:Place("Engineer", 1.5181021690368652, -6.367912769317627, 3.0018444061279297, 33, 1666, 38.9, false, -0, 0, 0)
TDS:Upgrade(30, 33, 1666, 36.1, false, 1)
TDS:Upgrade(30, 33, 1666, 36.2, false, 1)
TDS:Upgrade(30, 33, 1666, 36.4, false, 1)
TDS:Upgrade(30, 33, 1666, 36.5, false, 1)
TDS:Upgrade(30, 33, 1666, 35.1, false, 1)
TDS:Option(7, "Unit 1", "Rifleman", 33, 1666, 32.5, false)
TDS:Option(7, "Unit 2", "Grenadier", 33, 1666, 31.4, false)
TDS:Option(27, "Unit 1", "Rifleman", 33, 1666, 28.6, false)
TDS:Option(27, "Unit 2", "Grenadier", 33, 1666, 29, false)
TDS:Option(26, "Unit 1", "Field Medic", 33, 1666, 24.6, false)
TDS:Option(26, "Unit 2", "Field Medic", 33, 1666, 25, false)
TDS:Option(26, "Unit 3", "Grenadier", 33, 1666, 23.8, false)
TDS:Ability(27, "Air-Drop", 33, 1666, 20.9, false, {["pathName"] = 1, ["directionCFrame"] = CFrame.new(2.55553031, -6.16455364, -29.5908127, -0.613009572, 0, -0.790075421, 0, 0.99999994, -0, 0.790075541, -0, -0.613009512), ["dist"] = 198.3048344552517})
TDS:Upgrade(30, 33, 1666, 9.4, false, 1)
TDS:Ability(26, "Air-Drop", 33, 1666, 0.7999999999999999, false, {["pathName"] = 1, ["directionCFrame"] = CFrame.new(2.55340552, -6.16455364, -29.4690628, -0.499785095, 0, -0.866149485, 0, 1.00000012, -0, 0.866149485, -0, -0.499785095), ["dist"] = 198.3048344552517})
TDS:Place("Engineer", 7.12461519241333, -6.367912769317627, 1.6797027587890625, 33, 1665, 56.3, false, -0, 0, 0)
TDS:Upgrade(31, 33, 1665, 52.2, false, 1)
TDS:Upgrade(31, 33, 1665, 52.4, false, 1)
TDS:Upgrade(31, 33, 1665, 52.6, false, 1)
TDS:Upgrade(31, 33, 1665, 52.7, false, 1)
TDS:Upgrade(31, 33, 1665, 52.9, false, 1)
TDS:Upgrade(31, 34, 1, 11, false, 1)
TDS:Place("Engineer", 3.885024070739746, -6.367912769317627, 0.5956668853759766, 34, 1, 6.3, false, -0, 0, 0)
TDS:Upgrade(32, 34, 1, 5.5, false, 1)
TDS:Upgrade(32, 34, 1, 5.7, false, 1)
TDS:Upgrade(32, 34, 1, 5.8, false, 1)
TDS:Skip(34, 1, 0, false)
TDS:Skip(34, 1, 0, false)
TDS:Ability(7, "Air-Drop", 34, 0, 3.5, true, {["pathName"] = 1, ["directionCFrame"] = CFrame.new(2.57279587, -6.16455364, -31.0290699, -0.507961452, 0, -0.861379802, 0, 1, -0, 0.861379802, -0, -0.507961452), ["dist"] = 199.5784760415554})
TDS:Option(7, "Unit 1", "Riot Guard", 35, 1666, 38.3, false)
TDS:Option(7, "Unit 2", "Riot Guard", 35, 1666, 38.8, false)
TDS:Option(7, "Unit 3", "Riot Guard", 35, 1666, 39.2, false)
TDS:Option(26, "Unit 1", "Riot Guard", 35, 1666, 36.3, false)
TDS:Option(26, "Unit 2", "Riot Guard", 35, 1666, 36.7, false)
TDS:Option(26, "Unit 3", "Field Medic", 35, 1666, 35.3, false)
TDS:Option(27, "Unit 1", "Riot Guard", 35, 1666, 32.5, false)
TDS:Option(27, "Unit 2", "Riot Guard", 35, 1666, 31.1, false)
TDS:Option(27, "Unit 3", "Field Medic", 35, 1666, 31.7, false)
TDS:Place("Engineer", 0.5433487892150879, -6.367912769317627, -0.37195396423339844, 35, 1666, 25.7, false, -0, 0, 0)
TDS:Upgrade(32, 35, 1666, 23.7, false, 1)
TDS:Upgrade(32, 35, 1666, 23.8, false, 1)
TDS:Upgrade(32, 35, 1666, 17.2, false, 1)
TDS:Upgrade(33, 35, 1666, 17, false, 1)
TDS:Upgrade(33, 35, 1666, 15.1, false, 1)
TDS:Upgrade(33, 35, 1666, 15.5, false, 1)
TDS:Ability(27, "Air-Drop", 35, 1666, 13.8, false, {["pathName"] = 1, ["directionCFrame"] = CFrame.new(2.50965905, -6.16455317, -27.8305779, -0.471531242, 0, -0.881849408, 0, 1, -0, 0.881849289, -0, -0.471531302), ["dist"] = 196.2398166358471})
TDS:Upgrade(33, 35, 1666, 8.3, false, 1)
TDS:Upgrade(33, 35, 1666, 8.7, false, 1)
TDS:Upgrade(33, 35, 1666, 1.4, false, 1)
TDS:Ability(26, "Air-Drop", 35, 1665, 58.2, false, {["pathName"] = 1, ["directionCFrame"] = CFrame.new(2.55046988, -6.16455364, -29.3008366, -0.965266168, 0, -0.261268467, 0, 1, -0, 0.261268467, -0, -0.965266168), ["dist"] = 198.3048344552517})
TDS:Option(27, "Unit 1", "Rifleman", 35, 1665, 56.8, false)
TDS:Option(27, "Unit 2", "Grenadier", 35, 1665, 55.3, false)
TDS:Option(7, "Unit 1", "Rifleman", 35, 0, 4.2, true)
TDS:Option(7, "Unit 2", "Grenadier", 35, 0, 5.1, true)
TDS:Option(7, "Unit 3", "Grenadier", 35, 0, 3.1, true)
TDS:Option(26, "Unit 1", "Rifleman", 36, 1, 20.1, false)
TDS:Option(26, "Unit 2", "Grenadier", 36, 1, 18.2, false)
TDS:Upgrade(8, 36, 1, 6.3, false, 1)
TDS:Upgrade(8, 36, 1, 6.5, false, 1)
TDS:Upgrade(4, 36, 1, 6, false, 1)
TDS:Upgrade(4, 36, 1, 6.1, false, 1)
TDS:Upgrade(6, 36, 1, 3.6, false, 1)
TDS:Upgrade(6, 36, 1, 3.7, false, 1)
TDS:Upgrade(5, 36, 1, 2.7, false, 1)
TDS:Upgrade(5, 36, 1, 2.9, false, 1)
TDS:Skip(36, 1, 0.1, false)
TDS:Skip(36, 1, 0.1, false)
TDS:Upgrade(1, 36, 0, 5.8, true, 1)
TDS:Upgrade(1, 36, 0, 4.5, true, 1)
TDS:Upgrade(3, 36, 0, 2.8, true, 1)
TDS:Ability(7, "Air-Drop", 37, 1, 17.3, false, {["pathName"] = 1, ["directionCFrame"] = CFrame.new(2.55266047, -6.16455364, -29.4263706, -0.939650476, 0, -0.342136025, 0, 1.00000012, -0, 0.342136025, -0, -0.939650476), ["dist"] = 198.3048344552517})
TDS:Upgrade(3, 37, 1, 13.4, false, 1)
TDS:Upgrade(17, 37, 1, 11.6, false, 1)
TDS:Upgrade(17, 37, 1, 11.8, false, 1)
TDS:Upgrade(12, 37, 1, 8.9, false, 1)
TDS:Upgrade(12, 37, 1, 7, false, 1)
TDS:Upgrade(11, 37, 1, 2.6, false, 1)
TDS:Skip(37, 1, 0.1, false)
TDS:Skip(37, 1, 0.1, false)
TDS:Upgrade(9, 37, 0, 5.5, true, 1)
TDS:Upgrade(9, 37, 0, 3.4, true, 1)
TDS:Upgrade(11, 38, 1, 29.8, false, 1)
TDS:Upgrade(10, 38, 1, 27.1, false, 1)
TDS:Upgrade(10, 38, 1, 27.4, false, 1)
TDS:Upgrade(10, 38, 1, 27.7, false, 1)
TDS:Upgrade(24, 38, 1, 25.9, false, 1)
TDS:Upgrade(24, 38, 1, 24.3, false, 1)
TDS:Upgrade(23, 38, 1, 22.5, false, 1)
TDS:Upgrade(23, 38, 1, 22.7, false, 1)
TDS:Ability(27, "Air-Drop", 38, 1, 18.6, false, {["pathName"] = 1, ["directionCFrame"] = CFrame.new(2.52315974, -6.16455317, -28.2138119, -0.999799252, 0, 0.0200360157, 0, 1, -0, -0.0200360157, 0, -0.999799252), ["dist"] = 197.19416698813438})
TDS:Upgrade(24, 38, 1, 14.8, false, 1)
TDS:Upgrade(23, 38, 1, 12.3, false, 1)
TDS:Skip(38, 1, 10.1, false)
TDS:Skip(38, 1, 10.1, false)
TDS:Upgrade(22, 38, 1, 10.4, false, 1)
TDS:Upgrade(22, 38, 1, 10.5, false, 1)
TDS:Upgrade(22, 38, 0, 5.1, true, 1)
TDS:Ability(26, "Air-Drop", 38, 0, 2.6, true, {["pathName"] = 1, ["directionCFrame"] = CFrame.new(0.793717563, -6.16455364, -25.6748886, -0.909045637, 0, -0.416696697, 0, 1, -0, 0.416696757, -0, -0.909045517), ["dist"] = 158.1036480665207})
TDS:Upgrade(21, 39, 1, 58.1, false, 1)
TDS:Upgrade(21, 39, 1, 58.3, false, 1)
TDS:Upgrade(21, 39, 1, 58.5, false, 1)
TDS:Upgrade(25, 39, 1, 54.6, false, 1)
TDS:Upgrade(25, 39, 1, 54.7, false, 1)
TDS:Upgrade(25, 39, 1, 53.1, false, 1)
TDS:Place("Warden", -2.983517646789551, -6.367912769317627, 16.43134880065918, 39, 1, 52.2, false, -0, 0, 0)
TDS:Upgrade(34, 39, 1, 50.3, false, 1)
TDS:Upgrade(34, 39, 1, 50.7, false, 1)
TDS:Upgrade(34, 39, 1, 50.7, false, 1)
TDS:Upgrade(34, 39, 1, 50.9, false, 1)
TDS:Place("Warden", -0.5940780639648438, -6.367912769317627, 21.86971664428711, 39, 1, 46.8, false, -0, 0, 0)
TDS:Upgrade(35, 39, 1, 44, false, 1)
TDS:Upgrade(35, 39, 1, 44.3, false, 1)
TDS:Upgrade(35, 39, 1, 44.5, false, 1)
TDS:Upgrade(35, 39, 1, 44.7, false, 1)
TDS:Place("Warden", -2.587787628173828, -6.367912769317627, 20.715999603271484, 39, 1, 42.9, false, -0, 0, 0)
TDS:Skip(39, 1, 40, false)
TDS:Skip(39, 1, 40, false)
TDS:Upgrade(36, 39, 0, 5, true, 1)
TDS:Upgrade(36, 39, 0, 5.4, true, 1)
TDS:Upgrade(36, 39, 0, 5.4, true, 1)
TDS:Upgrade(36, 39, 0, 5.8, true, 1)
TDS:Option(27, "Unit 1", "Riot Guard", 40, 1666, 38.8, false)
TDS:Option(27, "Unit 2", "Riot Guard", 40, 1666, 37.7, false)
TDS:Option(26, "Unit 1", "Riot Guard", 40, 1666, 35.9, false)
TDS:Option(26, "Unit 2", "Riot Guard", 40, 1666, 34.6, false)
TDS:Option(7, "Unit 1", "Riot Guard", 40, 1666, 32.7, false)
TDS:Option(7, "Unit 2", "Riot Guard", 40, 1666, 31.3, false)
TDS:Option(7, "Unit 3", "Riot Guard", 40, 1666, 30.6, false)
TDS:Ability(7, "Air-Drop", 40, 1666, 28.6, false, {["pathName"] = 1, ["directionCFrame"] = CFrame.new(11.1649904, -6.16455317, 0.673054636, 0.568347871, 0, 0.822788358, 0, 1, -0, -0.822788358, 0, 0.568347871), ["dist"] = 126.50573116540909})
TDS:Option(27, "Unit 3", "Riot Guard", 40, 1666, 10.7, false)
TDS:Ability(27, "Air-Drop", 40, 1665, 56.4, false, {["pathName"] = 1, ["directionCFrame"] = CFrame.new(12.0395603, -6.16455364, -7.40710688, -0.492928386, 0, 0.870069921, 0, 1, -0, -0.870069921, 0, -0.492928386), ["dist"] = 134.2468928694725})
TDS:Ability(26, "Air-Drop", 40, 1665, 49.1, false, {["pathName"] = 1, ["directionCFrame"] = CFrame.new(11.9099655, -6.16455317, -3.82571554, -0.229265928, 0, 0.973363817, 0, 1.00000012, -0, -0.973363936, 0, -0.229265898), ["dist"] = 130.3787162899971})
TDS:Ability(6, "Reposition", 40, 1665, 47.6, false, {["position"] = Vector3.new(-2.5546226501464844, -6.367912769317627, -1.0014476776123047)})
TDS:Ability(5, "Reposition", 40, 1665, 46.4, false, {["position"] = Vector3.new(-5.59345817565918, -6.367912769317627, -2.961332321166992)})
TDS:Ability(4, "Reposition", 40, 1665, 45.6, false, {["position"] = Vector3.new(-7.934246063232422, -6.367912769317627, -2.5319652557373047)})
TDS:Ability(17, "Reposition", 40, 1665, 44.7, false, {["position"] = Vector3.new(-10.777975082397461, -6.367912769317627, -3.015514373779297)})
TDS:Ability(1, "Reposition", 40, 1665, 42.1, false, {["position"] = Vector3.new(-12.120100021362305, -6.367912769317627, -1.8563003540039062)})
TDS:Ability(1, "Reposition", 40, 1665, 40.6, false, {["position"] = Vector3.new(-14.015325546264648, -6.367912769317627, -1.272256851196289)})
TDS:Ability(3, "Reposition", 40, 1665, 39.6, false, {["position"] = Vector3.new(-16.372711181640625, -6.367912769317627, -0.07883262634277344)})
TDS:Sell(20, 40, 1665, 21.3, false)
TDS:Sell(15, 40, 1665, 20.7, false)
TDS:Sell(14, 40, 1665, 18.3, false)
TDS:Ability(3, "Reposition", 40, 1665, 17.8, false, {["position"] = Vector3.new(-15.854158401489258, -6.367912769317627, 13.572361946105957)})
TDS:Ability(1, "Reposition", 40, 1665, 15.5, false, {["position"] = Vector3.new(-10.161170959472656, -6.367912769317627, 17.289350509643555)})
TDS:Ability(6, "Reposition", 40, 1665, 13.8, false, {["position"] = Vector3.new(-5.4245710372924805, -6.367912769317627, 16.958946228027344)})
TDS:Ability(4, "Reposition", 40, 1665, 10.2, false, {["position"] = Vector3.new(-5.265000343322754, -6.367912769317627, 18.95932388305664)})
TDS:Ability(7, "Air-Drop", 40, 1665, 7.8, false, {["pathName"] = 1, ["directionCFrame"] = CFrame.new(11.6496439, -6.16455317, -1.50122166, -0.53892225, 0, 0.84235549, 0, 1, -0, -0.84235549, 0, -0.53892225), ["dist"] = 127.8109250664711})
TDS:Ability(5, "Reposition", 40, 1664, 43.4, false, {["position"] = Vector3.new(15.042938232421875, -6.367912769317627, -1.8509750366210938)})
TDS:Ability(6, "Reposition", 40, 1664, 40.4, false, {["position"] = Vector3.new(19.07474136352539, -6.367912769317627, -1.3419036865234375)})
TDS:Ability(27, "Air-Drop", 40, 1664, 37.5, false, {["pathName"] = 1, ["directionCFrame"] = CFrame.new(2.50201201, -6.16455317, -27.6275578, -0.99423337, 0, 0.107238695, 0, 1, -0, -0.10723871, 0, -0.994233251), ["dist"] = 196.2398166358471})
TDS:Ability(26, "Air-Drop", 40, 1664, 31.6, false, {["pathName"] = 1, ["directionCFrame"] = CFrame.new(2.54397845, -6.16455364, -28.9824429, -0.757753372, 0, 0.652541041, 0, 1, -0, -0.652540982, 0, -0.757753491), ["dist"] = 197.19416698813438})
